100
40
495981 278452 990428 470949 532525 201707 76048 544434 6472 765283 275976 6328 57448 65019 753670 504487 389447 960229 800384 849236 370046 471291 297401 350624 845042 804612 605035 746510 974686 16170 186034 862129 266532 460826 706437 451504 59343 375849 904893 370012 
91588 904158 187004 863057 189454 972123 713915 153194 363188 656159 22044 266567 652893 291608 59923 478763 573385 518999 654730 639168 524020 178839 404078 40387 312620 356228 910061 268236 230618 836989 387839 648452 862582 732447 643316 209656 683554 958701 812850 599942 
270524 274877 518576 223701 19021 40592 128945 398279 908174 337897 420090 868393 318803 855194 929369 938123 401983 622133 294994 708008 284974 416370 516833 105779 304770 506420 569779 525852 853478 546423 718074 491916 77611 752270 929608 580199 890117 319362 251236 344420 
261287 978559 548377 257209 888381 264907 734946 628391 379145 482494 723987 68458 328487 370626 604225 974410 428692 739718 178940 869294 885484 349822 885567 703579 157544 460488 667061 506789 589396 835823 793679 817932 656098 144105 883489 658443 521556 951021 94185 717321 
530511 637277 885042 569833 606183 824404 872213 317129 254286 507104 136077 804012 439691 117825 639289 37965 805393 830566 934901 15860 863563 696747 701476 171829 383456 892497 377851 987745 679400 624976 443961 9376 566976 101011 402026 173144 662001 280926 871278 249945 
419046 157026 725475 373534 391552 581984 598541 297539 29434 217005 368608 762348 474300 542315 787906 272966 294708 243138 403048 662119 367649 838389 582044 94341 508410 473720 103084 384261 245193 696597 588718 506701 874237 312931 140214 203738 595696 94851 93988 859828 
411890 57840 210771 753292 907867 692026 180654 523562 864202 393426 357794 490319 91598 797784 664570 376200 888856 541890 221100 50481 659947 337015 604711 924239 696985 648689 536568 216718 548673 678762 93603 326596 914203 174330 741021 336219 809018 439784 237538 465071 
275656 369030 996247 71486 471734 736013 374705 432792 480088 772763 367792 851589 809604 82204 135326 48452 807919 122 505440 155423 961124 214234 938671 715647 303048 937209 102167 95468 931635 31397 102348 616255 319510 10339 495134 155115 198831 63331 844062 138913 
939630 853455 878498 485287 187435 785102 720718 522757 540693 626764 263617 783704 595128 865001 147962 49576 12784 826843 464806 931099 837019 597707 150669 297278 363479 198238 796795 766408 854750 179953 916219 988900 540652 202947 195667 287677 417879 922739 962186 590531 
280604 14572 614514 885141 45420 235945 234254 488441 675782 322971 793910 525004 280725 649817 760520 440423 645025 354663 453941 771652 619856 221893 382296 45508 147498 239834 859449 646925 392839 869799 742957 597104 804618 551839 210071 658552 648645 240810 145807 353523 
387009 411988 3667 139739 794836 610265 544788 7345 59863 250223 865834 576225 165555 843938 733568 529314 751158 174051 867958 670525 452520 968274 633027 926131 756385 130749 716589 158153 435992 349600 543393 696801 634316 306332 328723 441421 31111 865201 510581 353147 
230253 716065 12722 304861 645349 635459 566144 20806 81543 834707 484610 64081 514802 771389 462427 596422 84790 345131 270841 708242 32337 453152 392289 3009 508163 747865 586086 267816 640558 890005 711631 304971 422522 292876 738861 389882 203955 84468 527315 74923 
273380 680514 674654 782499 260031 688730 104824 396710 446068 769150 119073 699018 270272 883143 69353 989410 445607 34307 659136 854782 160826 632214 250237 205239 539150 781500 373357 437685 13975 452341 846913 184345 82475 975971 500699 439200 320376 413293 600779 753819 
261646 834366 158762 821589 543256 488286 694958 487738 247226 810365 355707 851195 845091 379767 80697 88487 594860 868749 910947 946821 685836 453534 345302 624556 79418 817611 616831 381006 313539 946008 431279 172355 934028 146000 717475 946222 298470 419077 79902 48969 
951535 788502 961783 75321 210333 143107 425640 549088 517774 881238 682355 631699 229025 597641 933988 126974 575395 772272 498168 555300 780411 805639 31850 964504 435395 592708 940021 634194 273100 339353 490281 848756 811311 560049 758932 164424 785937 104887 683696 439094 
338167 524133 407830 576729 745212 879364 148702 499950 585081 539593 492499 358290 997014 406324 980070 343835 332288 643887 840184 153374 747306 178306 615908 72364 167347 819304 184539 659927 999311 800684 590541 595229 504082 238703 468827 906106 528367 666695 873082 563120 
981037 406269 626206 349919 433669 380050 792091 498650 359709 253472 626229 875322 475439 545156 427228 551370 56646 779119 30831 582631 587765 371491 488712 261014 851728 361343 634040 978789 828954 757357 620515 102744 997387 135932 996062 862810 200183 919494 749012 769496 
316653 964565 557321 576591 333724 124548 438485 530604 354116 530327 613876 751442 153397 792761 865660 435902 369361 917974 944070 525004 381010 74093 992900 691357 433170 776711 928154 151177 814957 393486 690419 279209 426268 134725 822379 199199 419353 798887 36381 209522 
562917 951599 579047 114045 222776 61543 133294 676226 62817 400658 36700 848680 616101 88040 265992 47341 593259 45387 632642 691519 672082 411646 777835 461265 445100 213018 490083 490414 837235 717867 298722 886577 798214 240142 601505 214998 20918 891289 89156 320845 
148704 36263 715079 205858 235828 987188 547917 519555 317426 399535 265521 734340 237869 315838 737065 402205 560315 476779 368187 874382 596005 731198 86714 309074 370675 236441 536962 735860 845855 139186 528549 120843 825977 833308 243923 835173 373921 824397 202993 260589 
154963 334688 835679 252455 376491 36956 734301 836051 536193 54037 829656 502308 889523 211920 7524 933809 473265 401007 104046 20880 243350 132100 283401 145102 957852 536882 295673 926358 204448 361309 101336 984520 772879 551163 852344 735010 109308 986650 891866 639998 
225537 411365 627740 413665 744351 497771 24505 692251 575266 348081 345556 924477 577590 128585 324778 897656 755257 92240 837188 618797 484751 536652 318960 270023 937127 57393 409797 206882 521913 736843 262201 197054 430328 543598 549779 587062 708685 459920 315330 98869 
221156 139019 929541 400889 235377 31288 944615 567985 667239 152951 648671 287575 943140 713791 994207 472494 979432 335190 525484 99758 181868 975904 341686 899048 265492 912895 245144 725614 169190 736022 885031 240505 667095 169550 92808 576664 531049 706349 178412 818863 
807848 872985 629601 233389 594428 551292 995507 713385 373966 71970 337931 934472 871809 49839 367785 905248 383455 830456 595900 766197 251916 130401 155905 165796 576352 684106 613968 301675 610585 22501 466245 790472 324916 804347 744548 918477 585871 694292 999537 924759 
550706 37788 344668 795905 757657 99513 13410 246127 322620 117679 609162 945163 998215 791826 326908 98100 649020 653847 51730 598241 789424 303613 291960 596977 199464 425757 228700 540297 811510 83018 428948 434118 724384 782263 301082 556740 376485 138201 41641 221901 
926577 14934 675733 640487 257693 551774 151676 577494 699380 989770 611095 584279 272788 595548 612943 105227 890995 989414 445643 113953 473413 921445 48542 590518 240193 237523 460279 264796 177693 51303 534882 857940 392307 829776 277092 268932 922012 889940 280931 922554 
439683 148562 845230 850538 740447 745705 500723 651122 714074 359068 861908 754348 111219 299390 741815 541547 506548 995120 460669 945478 864393 907987 401705 325897 813406 341885 690347 346711 838963 422651 143983 961153 826855 427582 593215 871080 632172 291725 194035 692732 
109969 687592 674141 419773 78892 970822 891735 974401 67510 33806 938940 590754 377728 933675 806344 328879 967655 279822 349374 711568 618774 787307 912481 323842 902885 719958 484011 935285 789966 711033 116316 839924 510978 228840 961593 763328 889062 302355 563677 569843 
519749 893753 520953 554875 875839 163199 323230 510397 702724 857353 546498 390917 831019 930823 477318 687806 978420 872441 972830 999998 40238 740579 511686 820216 938821 190846 44530 452119 727745 446433 153195 750664 332821 100379 14779 835054 605718 55610 180034 158516 
73807 687759 49664 38843 750361 532849 972531 156580 923897 769438 186281 791559 891465 163994 536236 965468 329492 46564 668779 309274 7037 983331 985547 7144 462028 845521 996228 770999 553919 306917 363367 966902 645544 902945 425336 889511 695474 811857 335844 816204 
154433 773219 673408 781245 977764 249829 84007 198324 274305 83413 758644 695833 634535 664817 223028 941966 244431 805151 625215 282588 807481 230996 161862 104851 716850 512532 591722 893650 639692 352304 658683 907534 151249 626554 614618 27590 392389 762650 328078 345946 
169577 748519 149344 580017 697628 397152 676118 192302 730658 494790 811872 86198 163192 862440 985691 103946 538565 737237 119946 774014 652457 70550 857366 399685 544254 739852 323571 48024 815963 746586 446608 106211 553730 322964 624976 890516 147127 985142 171104 737964 
402107 266156 540174 232172 412189 592560 670928 53284 944175 941208 942814 117700 84057 894166 201816 687326 733909 891940 384503 233416 557397 37361 559053 28520 402666 853874 959472 886972 412678 836162 723745 212741 493651 861469 982100 718903 703961 959754 390454 172069 
477046 238679 586587 276525 160231 548403 68245 124742 184384 734019 127615 408337 106294 363630 366768 452461 885041 861285 939370 56845 576772 199020 783714 882014 800555 258198 418592 249849 662168 215989 166947 72272 855344 323657 588145 840540 960549 301905 20766 825437 
852970 318623 96214 293170 800788 224557 135043 705740 46722 686935 227506 996238 953165 173833 570854 344821 222721 663845 803419 967106 120379 818610 781788 464738 907724 824791 126602 67662 698746 172705 573694 99543 727044 123428 59306 318565 304978 1648 354558 15232 
902378 935694 372105 598831 885104 403808 586570 750024 27296 164198 910759 268864 899294 907969 371000 927799 93164 688876 437643 397211 265413 492887 84308 710891 928893 472235 725128 100222 405421 656462 955531 70697 758776 151373 157758 587424 669959 496859 291238 91974 
392244 710847 447037 593411 996324 489199 266476 382527 131227 861456 631684 68938 160744 332462 267724 711514 469181 327551 357729 840257 73593 143992 655331 154000 463350 931084 758078 583694 702606 272529 94396 950758 372801 861804 200507 178532 476653 518654 275470 365743 
5949 138935 563586 556394 2850 536356 822116 289364 232093 266893 444362 403853 96739 737926 679585 224314 620845 133674 265090 826623 327435 578860 552484 995208 928511 412233 699192 11703 739472 161497 931652 420656 589451 632767 294667 520943 676276 973945 770635 980515 
933352 897242 687362 56808 382945 656807 625039 954829 971466 516784 160478 536405 414398 444431 139761 526410 792449 815119 533254 789594 465195 972517 769682 575525 734564 624979 917782 396974 125522 515703 971422 59120 640207 467028 420799 80986 927149 383542 28996 619179 
973446 895126 221219 813010 165269 177950 645391 449315 822212 10128 818435 138106 294514 245572 644139 124646 771804 186603 71711 23755 974532 475401 805551 265866 964047 127630 386181 753671 792557 151710 833085 130773 555740 124377 138085 805287 866185 310430 718092 346449 
754420 568260 482740 731572 333502 279881 744159 169 92495 382780 207106 206983 822633 935290 793582 522712 642314 230232 443245 880605 167782 167071 764724 167571 758219 737857 520447 15093 822478 436395 550662 256901 355393 78311 785752 928480 623425 9762 56635 92799 
341502 976076 278978 734113 769232 404486 602704 313762 783428 318462 708195 381545 643882 335806 899441 846332 769339 942205 360279 98512 988970 476930 372608 838537 745768 692755 304035 823129 686092 925951 836172 549992 23909 138556 625951 266367 835409 894423 385565 140566 
369262 529240 923267 909974 65182 248469 428526 656454 564482 383161 870927 370586 494330 459894 246773 935813 267631 914717 873573 578293 531410 162803 743405 432291 111177 980445 971777 814460 195176 198775 458219 465805 96092 725345 608963 773799 556730 546031 711857 814820 
175779 982892 693332 683239 11601 250009 62086 2798 106935 86355 958046 890115 497163 771578 514856 323943 778157 112251 189779 735196 53350 379571 435797 81889 48310 41108 329504 730976 290418 579519 609997 31747 655949 50276 911606 716781 899924 359965 941241 201116 
298023 828177 483492 613496 949649 305195 491169 207769 687553 639057 814795 327699 880878 390746 334293 659915 707038 681958 465092 625116 878406 592667 484827 270883 535302 25455 242859 64392 501937 900722 981202 274567 875872 168717 255885 361254 492071 806199 413770 584128 
935421 228707 218526 723314 859327 302086 708351 520491 823853 374935 958348 63088 303969 543918 791329 242936 392152 585682 192922 259310 83186 598752 487140 739706 847784 997566 189517 436169 727341 856372 847466 966432 425269 185002 682608 727189 814563 692253 475653 700869 
130913 847611 707087 651906 763244 846275 55500 106305 597587 384831 348221 199625 415523 622680 990229 718640 330645 63895 206296 312333 460323 717827 840288 471462 575070 967855 164797 589805 621451 81369 621359 298485 918020 138996 121555 447613 339319 312957 745222 559938 
368130 506368 571475 85037 505256 338369 526036 952060 807551 868469 825239 886553 109889 745262 41328 565384 821991 326536 41302 767769 209474 479874 212202 620302 629652 48264 260556 258271 785160 157661 937347 411324 862544 460192 374641 706459 153894 775895 567548 778148 
697867 206258 247373 533825 880607 871490 575973 930715 998096 703725 882128 459634 783413 916654 547126 594952 835500 395765 575716 35876 263919 656473 228068 143152 824970 166909 43341 710328 831327 828748 67884 430697 326859 559364 763924 970512 311980 843902 664307 911071 
453385 784015 424669 940526 313950 613037 255021 451263 32884 251728 164014 7024 426843 560015 14664 149074 689636 867211 143637 880140 999017 166299 439200 267621 718232 782231 131325 160378 747833 625429 765467 814304 986765 804484 561735 569582 157131 477396 398340 602760 
892611 721251 91974 563807 488290 391923 229018 585517 998593 360149 199150 9616 766651 612944 462120 225684 859948 847700 240612 65847 345474 288101 358593 622922 575747 791046 781770 432785 513308 378692 980706 84651 52954 231883 672712 596765 892142 542289 993925 629582 
9861 678790 218246 855083 626225 801423 590054 2453 261019 409322 558650 356254 360641 168246 63152 557762 331278 752421 75592 416112 790549 388020 324686 364141 786105 404237 728353 794317 338668 205736 177876 674097 110851 876290 329508 86252 565441 310989 535832 412255 
352715 833147 51754 853249 472676 778763 417205 215652 321332 206499 300492 743937 877468 279099 851563 730480 467446 401859 472910 460747 573029 310964 133231 49301 755957 554132 698893 708818 440010 717182 586508 100814 456840 635093 110992 681291 848765 742213 163421 975756 
119046 925800 948834 305573 188129 831307 831161 709184 760396 517289 163522 210377 428220 495190 796820 554035 780220 705798 750440 351091 338631 509295 907947 315876 605737 3961 165287 1537 444708 479518 54118 432548 740034 909884 271002 418870 375644 940117 340603 511186 
141075 349973 406139 345755 203908 230565 860707 649915 705664 219034 581347 541646 233673 931004 920230 133514 506159 271502 985064 857367 163721 216035 499334 255767 495472 193737 946198 614280 33389 834807 236484 128793 288265 809336 161775 747545 366 958386 991956 207293 
534082 693862 221976 577767 965354 950758 209050 545257 756881 83346 748484 509202 954386 885421 157420 957528 409793 132075 499339 850122 555006 582409 131780 758347 805737 684047 674302 25491 860100 201712 374194 921042 951396 372494 371805 637560 12579 900966 928029 330711 
617271 764546 228425 150574 970431 910732 555606 426072 12182 819616 997509 86773 983188 222472 830541 64016 613985 13552 801645 809908 296498 716181 954059 979085 411002 739200 667581 743799 530817 847959 377401 53347 402175 990612 728149 299907 721110 296259 136780 282785 
33062 92704 286247 611526 640658 864366 973848 968131 168869 277258 509756 628055 628698 144496 382608 957717 419344 866561 842923 337693 824184 960588 786090 825472 149044 998788 260290 385379 639116 172004 653561 136202 696199 520048 3871 637479 732889 914770 195136 843135 
746090 679352 86718 260151 289731 25139 366296 561287 766954 654511 140920 186319 988719 521863 579305 917923 464243 173719 682565 260771 831665 459795 994734 704219 89498 815516 736036 121624 212207 862368 32880 407068 907252 280178 412873 571618 506161 765069 673070 947237 
504520 125458 853941 768095 999812 297458 490870 872675 610501 399335 334414 791017 623414 204001 354515 732819 197820 122895 2083 615325 27379 304554 274474 772057 84573 501844 655736 275900 503991 149800 128229 324342 66594 862231 494519 759320 203287 586051 884550 184569 
641315 26150 612416 680527 390965 749438 568099 494186 774404 464054 671791 702100 803579 823110 118951 255011 7189 793304 56985 237734 362678 665599 445217 215577 347818 380027 273397 837229 191251 933476 508583 332295 657722 3395 70386 424654 574223 587225 484280 261776 
930066 709054 411660 782734 73168 329463 869335 353939 976052 885062 695277 621751 718032 430569 166369 243270 667739 874895 791894 563556 434346 13976 12417 60859 127616 562828 688212 704217 743325 76157 392737 797902 210166 154988 696099 551429 911443 646409 565231 807107 
340119 788651 609033 176863 718620 405900 304956 358014 727247 2348 10617 903790 566384 879306 961370 80223 21406 594951 710976 654296 979722 490641 409779 946466 666181 648017 861028 755886 135902 466060 942406 746843 201026 375810 717661 603294 705148 526915 996381 288783 
375148 224767 602902 990466 772672 227188 473507 529248 886610 791377 564269 850841 875597 258252 260766 688729 132100 211859 664201 662491 822762 302175 539692 181536 60917 492680 359345 360469 249799 599342 148710 319545 576121 397570 365064 397590 981295 847750 468619 418373 
253226 256896 41550 190999 32461 963508 700301 197431 382731 376938 409603 949030 957677 959864 405268 30876 290750 480131 765680 971285 390202 43057 148375 129151 222369 825965 293817 682475 749814 191719 318227 865615 670260 330796 253428 791631 406647 548978 381875 596092 
301598 624405 959007 199202 839904 715484 440005 508566 742640 369013 860281 841224 51207 674108 370631 455497 100565 186385 333569 221528 516664 270072 45136 154755 453030 902393 746996 652445 220193 507279 671238 629602 456204 208170 383436 498151 167815 871712 663162 497224 
207331 109472 175951 713750 42053 303819 733655 510206 77986 782695 327202 578739 614571 869154 887699 675413 961197 292423 183831 239946 385776 582893 197903 73290 384690 231284 984915 850785 257580 564727 173173 830487 517853 544476 422601 367492 213081 20167 184127 937203 
140119 749291 774604 903285 862478 751895 298445 583271 285897 895373 324265 631165 742436 168957 155424 503828 902274 913419 162083 556289 17619 521761 106385 543123 110337 693761 958215 829885 293885 439763 62317 19671 420405 211503 92974 4336 90231 120394 884838 625618 
110813 83506 591769 980870 243653 379292 618706 404547 129742 682628 787405 255593 331226 258636 797568 474643 602988 465007 370094 606426 999807 384811 154531 747345 721709 43430 67269 42084 771748 547063 350640 814219 232620 741729 392183 745643 536150 261875 50288 230169 
622986 10889 444572 326195 655829 444563 279472 307721 381932 643356 680671 732301 23030 145668 434779 98213 583735 588316 862066 107046 76208 675570 93622 864135 178732 534128 595419 366460 108183 947298 308430 25536 172074 783710 235883 596720 393289 460981 45445 206883 
552203 332019 96109 223629 599697 284466 107869 75818 370682 697603 664350 185405 133304 896559 692984 675793 78242 706006 62574 356363 287408 510653 883099 706646 234525 342283 588315 534917 752860 384825 268401 673381 357065 510720 681094 712846 228942 829941 64040 963826 
844062 740563 784150 819199 386265 883368 590401 716527 218077 889994 932865 384355 130046 683972 197808 105925 685417 273831 508276 168100 363607 181835 494951 161652 364000 976339 835220 170181 997895 250326 781453 506667 562337 726494 710517 179596 371612 96871 970421 891233 
868378 77308 398792 451695 594915 370812 308818 366009 51207 374164 329596 114253 459081 69403 902931 759297 329330 883917 461617 864968 853925 693601 179538 358686 920592 231997 951298 346284 423130 182785 794633 177444 196331 976984 270906 972104 725394 920210 920218 826413 
126291 20586 258680 238760 324156 583548 17129 849975 833996 217806 112256 353891 174583 905713 956347 89480 279250 309228 443384 7092 580996 889694 649305 987774 642037 200137 879235 291970 827308 481131 914794 753123 303828 549042 902994 323495 164321 383273 607618 718253 
966781 782152 562271 539528 105013 778982 408495 468002 573396 379375 474423 876091 133927 809239 804173 170922 128688 199387 452145 322128 684005 232621 802374 553164 112765 54226 363650 214107 387017 507144 351768 307325 515549 303384 506999 920775 27134 426556 988943 85333 
785235 157984 21967 859116 913948 196179 625292 145048 599270 218506 427266 931764 762704 605082 877106 117827 543651 174745 998516 327137 732811 41131 998829 824417 680848 769259 342673 953869 703801 216943 286201 178233 594409 341627 868151 210180 552074 139240 97575 270050 
445991 511960 651631 978577 741132 370473 113972 496741 286818 87443 797278 266102 759190 588976 451728 320998 292025 446096 161964 52630 9806 371373 864501 47776 852735 531222 707096 919331 29925 248786 621375 312172 515920 420088 785305 45662 49446 691477 113641 480664 
145427 439803 359823 714861 846722 446632 293021 123036 50437 163862 508042 874561 30599 760027 411774 359777 139079 468468 345006 787149 24720 357214 747711 801250 60574 624512 148781 987145 46847 574431 338793 958929 430596 499177 442878 768457 477810 490630 729477 514442 
23898 974381 623100 557833 901151 596375 534196 391936 665573 367112 95977 359345 147296 833156 410843 557524 446789 305968 300828 724106 93095 431266 749388 674879 491164 826080 758742 203165 588818 240870 189067 19552 419377 334402 894753 850904 661264 72396 286460 639393 
22669 566564 946595 296605 707645 141808 979666 365243 465640 276308 409941 909567 154322 756237 268443 338160 350378 565685 307365 893289 453541 553796 960307 200710 258820 677630 395728 472112 459696 513233 937446 499732 624837 626355 605266 927181 117660 894870 838777 698335 
285169 819998 391584 759716 928028 406661 943968 441206 665680 361777 982087 643612 863222 269714 664913 714543 709400 405009 862864 677650 127518 682906 291065 289196 51088 113454 748136 485090 516260 24679 866313 220913 798034 279797 796438 207766 656385 183942 910147 549263 
671459 797802 109962 210760 206925 409637 454294 535638 219310 364829 332424 441397 803073 411282 400206 12949 932296 951821 620635 437740 200124 269818 673969 395936 90749 236747 976383 579139 579698 560172 999427 354095 335005 522910 315592 810442 595948 951330 314393 437709 
830113 304044 276952 286049 94567 441118 709289 557111 155117 40246 568135 444194 58438 264486 571334 553405 438577 112318 930598 942170 381038 957178 360400 730606 268089 737506 281626 473694 596099 14379 336447 477354 603841 436179 307041 593465 616844 530979 330475 533846 
994847 843476 891227 248711 842755 444337 671279 634872 332573 479363 840406 27119 344609 554905 145892 854730 925920 103221 102915 185596 194299 83819 962682 289016 90606 896924 848428 400494 886081 458689 749338 965076 792151 135494 84831 859923 460945 717367 640865 546323 
843310 287083 412550 909973 74728 356272 748828 741800 355433 443498 459717 714593 86959 58115 33713 363146 26438 804408 820526 491785 325784 865680 261800 47105 722951 553546 926204 179238 978830 670799 775772 946051 849353 568668 927185 494182 655112 144043 680641 902015 
790044 955899 315248 132495 517054 440077 426096 379340 607620 699611 812036 127951 673474 33111 811871 583892 230813 3911 658639 440791 304738 70589 551246 343132 723776 738231 482125 251065 430881 509653 925760 649302 504946 118316 823852 815905 707567 493693 319919 306241 
946241 918470 125423 830594 186952 740035 340680 888386 846394 409518 556466 482583 579153 906088 990946 131909 499458 559084 344742 805141 210985 176972 419432 340132 505983 715305 393677 795520 257207 674442 172562 19492 991867 694694 150538 463018 128980 647347 857407 812715 
571190 273958 967385 600675 76732 569690 812953 169030 691350 218103 635536 723869 575369 857538 135337 726042 581580 676352 578569 863439 228058 128847 663220 814135 118465 974354 89784 444262 193699 332023 868064 469652 765490 14068 644124 248383 418264 510432 449324 24917 
822182 278915 296035 684894 968740 651355 139413 765585 829384 320401 176212 346186 676963 188592 972950 444115 962155 667632 744560 895710 426557 131313 494007 379578 397651 392002 68332 911481 77581 605247 403889 133784 585562 74378 81231 389437 872515 955391 19738 601906 
402778 876819 357085 198510 551555 848205 397777 297703 626127 618364 217973 926588 165020 183683 10586 268414 473624 412957 562393 89266 410187 278384 653459 387016 738933 794817 526817 713302 187292 884646 559496 34431 559977 307067 740089 963248 917473 721000 982588 980009 
101857 169390 831310 814713 299511 752392 44204 131101 332761 98887 381097 881032 942771 202878 584979 206377 636206 777218 513903 368310 243880 156528 221958 70615 454141 444521 213893 211408 412260 446684 150946 957881 519110 604280 721337 353470 178222 33078 654428 517187 
420595 980748 887028 313993 664205 966537 755781 704529 595504 232633 384151 512440 498258 848159 259557 668550 748444 829301 643650 914377 647662 266381 284333 298267 353243 448133 281521 298956 715310 89712 468803 687036 776304 632445 824483 762166 115287 675363 698604 180768 
596320 305593 416823 782385 365723 650210 438720 851767 68377 171433 105152 29971 802016 320938 226894 749667 276463 66377 648097 148344 216204 71267 511721 668130 546536 167234 473821 827446 731072 573643 59477 409981 141307 73500 344575 226234 376187 182680 345167 694273 
695220 318601 522836 48704 979974 656848 107290 759642 654980 689358 187140 907896 389984 557456 131742 101371 262706 499640 371415 356096 700382 769131 753262 708478 554460 749297 444803 270099 11098 335624 650651 423722 115006 842089 28637 816734 767302 8894 845830 81292 
716731 242278 276298 123359 875765 228000 360520 349046 930164 944818 890962 531889 245008 664700 856365 461478 532549 389157 78682 744116 563971 624144 118797 602559 222251 354452 742976 727157 218575 719128 878816 925271 596101 202501 6096 445178 120103 420228 276239 845965 
975376 633106 675067 32204 36137 684649 899 231252 995313 433532 404979 790266 17932 948607 732631 374119 173469 741899 623627 616774 564706 122283 765750 367710 435061 131720 372700 55674 662995 578036 255232 908375 35644 359179 991433 970924 621433 464340 344279 386251 
802720 126816 318189 430931 35042 494158 86772 292080 260061 862552 843939 929970 387636 70471 910969 374188 299890 850477 823501 143942 833722 986242 741838 884026 562183 301497 801846 907224 565507 684897 678861 877757 733567 618560 927038 262964 655579 462472 893558 618784 
240076 677474 950733 106959 825504 176118 523716 462833 993697 170253 838031 506282 283723 251251 326933 989285 798399 234649 364597 417889 458727 611920 899487 736601 767418 958511 868208 750429 910148 412073 772707 619897 116688 536953 892091 262090 955471 31189 805000 807661 
573687 634057 129072 767911 809994 339442 336640 937478 650619 999738 319959 429369 337902 499455 86853 52885 622541 524615 647390 101325 237605 111018 285617 378170 939549 752916 221609 525797 286540 440082 996032 835994 20722 93765 404614 514206 315427 511896 677262 896030 
116884 132302 148434 93994 585251 309617 367349 360871 666948 527216 500751 728076 950394 263980 389360 163267 220848 486734 113853 81436 25666 692621 675011 642370 350559 651103 728309 907388 70695 678051 533831 443759 167419 526449 664401 958341 13699 952853 822062 189165 
